0.0003,  0.1440
0.0003,  0.1519
0.0002,  0.1431
0.0003,  0.1474
0.0003,  0.1487
0.0003,  0.1455
0.0003,  0.1441
0.0003,  0.1470
0.0003,  0.1453
0.0003,  0.1508
0.0003,  0.1502
0.0003,  0.1490
0.0002,  0.1416
0.0003,  0.1485
0.0003,  0.1456
0.0003,  0.1454
0.0003,  0.1436
0.0003,  0.1432
0.0002,  0.1377
0.0002,  0.1326
0.0001,  0.1280
0.0001,  0.1282
0.0001,  0.1278
0.0001,  0.1262
0.0001,  0.1296
0.0001,  0.1297
0.0001,  0.1235
0.0001,  0.1262
0.0002,  0.1330
0.0002,  0.1354
0.0002,  0.1320
0.0002,  0.1283
0.0001,  0.1236
0.0001,  0.1258
0.0001,  0.1248
0.0001,  0.1264
0.0001,  0.1267
0.0002,  0.1288
0.0001,  0.1244
0.0002,  0.1304
0.0002,  0.1283
0.0002,  0.1314
0.0002,  0.1285
0.0162, -0.0737
