15.3900000, 109.5800000
15.7800000, 110.6000000
16.8050000, 113.2500000
16.2100000, 111.8100000
16.4800000, 111.9800000
16.6550000, 111.8400000
16.2700000, 112.2100000
16.1723000, 112.3700000
16.5200000, 113.0900000
16.4300000, 112.6900000
16.9900000, 113.4400000
17.0400000, 113.9900000
16.9900000, 113.9500000
16.1400000, 111.8700000
16.6100000, 111.7324000
16.2700000, 111.0500000
16.1500000, 110.2700000
15.8300000, 110.1400000
15.7700000, 110.2600000
15.1800000, 109.3800000
14.5000000, 109.3199000
13.9900000, 107.2100000
13.7400000, 107.0750000
13.6800000, 108.6900000
13.7150000, 108.9100000
14.1100000, 110.0300000
14.2750000, 110.8200000
13.6900000, 108.6400000
13.7100000, 107.9600000
14.3600000, 108.6600000
14.7100000, 109.3800000
14.4400000, 108.5800000
13.9300000, 107.7090000
13.3150000, 106.0600000
13.3400000, 106.3900000
13.2800000, 106.2000000
13.4200000, 106.6980000
13.5200000, 106.7100000
13.7400000, 107.9400000
13.4300000, 107.5600000
14.0300000, 108.3200000
13.9000000, 109.3400000
14.3700000, 109.7700000
14.1100000, 108.9200000
